688797
300506
301310
688123
301396
301366
301132
301669
688403
688593
300567
301526
301150
300301
688627
688507
301592
688090
300398
300671
688685
300083
301611
688172
300005
688502
688233
688307
688551
688361
688416
688352
688295
300093
688408
300390
300195
688813
688037
301005
300065
688401
301322
300814
300446
301305
688362
300571
300489
300717
301319
688630
688266
300857
300480
688323
688789
301248
000566
000925
002520
603001
600909
002600
688056
600226
600026
002497
002803
603399
002674
002254
002876
603948
603698
002240
002631
000823
002943
002025
002051
002364
603203
002491
603045
600246
003043
603324
003018
002580
300604
002552
002536
603678
600105
002046
603083
002897
600584
603986
002990
002821
002428
002192
002080
001359
001339
000908
000021
605366
605069
603929
603650
603061
600497
600563
603297
002409
603407
603938
603713
603989
600176
002167
603386
605020
603317
600667
601872
601133
600141
605151
605598
002354
600596
600703
605277
000032
002452
002584
000967
600877
002687
600379
002643
002427
002303
000818
002550
002169
300120
300687
000960
688001
301209
688808
300174
002367
300843
301251
300990
301162
002173
301448
300751
300131
600531
002156
300845
688449
688728
002653
300412
301055
000703
300900
300382
001229
688332
600552
301021
300522
300151
688519
301217
603757
300938
603259
300978
603629
301213
000811
600353
301536
001203
603115
002415
002756
603155
300726
600160
301095
300236
301369
000949
002475
688347
301259
603186
603256
603067
300136
301338
688409
002191
300716
301086
600961
301123
605178
002466
300346
603281
000792
688183
300363
301080
688206
301099
688785
600888
688234
002023
600673
002346
605369
688019
002185
000417
000050
002158
002655
001309
301017
301458
000672
688662
688048
688368
603316
688525
600206
603283
300806
688671
688981
000066
688796
300602
002484
688535
300234
688003
301626
002976
605006
002895
688820
603823
603306
688578
002831
002636
301013
002068
300302
301326
300383
688072
603163
301269
600096
688469
603285
300260
688041
301235
600460
300852
688652
688147
688262
688376
300331
300209
688110
688312
301568
688757
600405
688426
001223
688729
688221
688549
300835
688691
603906
300753
300613
301382
688669
300054
002861
300416
002407
300831
300765
002929
603327
301313
002273
688690
300964
300016
603339
603903
301607
688160
688129
688343
000691
301312
600183
603267
300347
300620
000756
601975
688521
301599
002132
601233
300378
300881
605389
300192
002819
301045
688135
300304
002342
688727
603341
603379
002745
002015
301176
603887
603890
300655
000838
688286
002460
688248
688818
688766
301115
688545
002822
688371
688596
000062
603356
300762
300836
300011
301687
603021
002189
301629
300861
688138
301293
688320
605336
600289
603595
002713
300435
002289
600352
688120
605580
300907
301306
300327
603005
000962
002440
002008
600935
688388
300003
688375
600078
300303
603897
688800
688199
300395
603032
300820
688107
002950
688396
002986
688227
601677
688387
688141
300429
600857
600589
002038
600869
300759
300701
600641
300458
300091
002975
688167
002426
301489
300573
300179
300394
300243
688195
688143
688611
603777
688202
001696
688331
301389
301565
000725
001206
002083
001268
600397
688127
688605
688385
002681
688655
301387
301069
301421
603223
301333
002709
003013
688755
300481
688006
603127
003026
600343
301297
000931
688260
603976
300757
002170
002925
603078
300810
688372
300521
301183
301216
002549
300442
603848
300871
603667
300159
002833
300637
002370
001896
301127
301308
002077
002963
001314